{
 "cells": [
  {
   "cell_type": "code",
   "execution_count": 1,
   "metadata": {},
   "outputs": [],
   "source": [
    "suppressMessages(suppressWarnings(source(\"/home/mount/project/config_sing.R\")))\n",
    "#suppressMessages(suppressWarnings(source(\"config_sing.R\")))"
   ]
  },
  {
   "cell_type": "code",
   "execution_count": 2,
   "metadata": {},
   "outputs": [
    {
     "data": {
      "text/html": [
       "<style>\n",
       ".list-inline {list-style: none; margin:0; padding: 0}\n",
       ".list-inline>li {display: inline-block}\n",
       ".list-inline>li:not(:last-child)::after {content: \"\\00b7\"; padding: 0 .5ex}\n",
       "</style>\n",
       "<ol class=list-inline><li>'annotation_fragment'</li><li>'count_fragment'</li><li>'coverage'</li><li>'data'</li><li>'log'</li><li>'model_linear'</li><li>'source'</li></ol>\n"
      ],
      "text/latex": [
       "\\begin{enumerate*}\n",
       "\\item 'annotation\\_fragment'\n",
       "\\item 'count\\_fragment'\n",
       "\\item 'coverage'\n",
       "\\item 'data'\n",
       "\\item 'log'\n",
       "\\item 'model\\_linear'\n",
       "\\item 'source'\n",
       "\\end{enumerate*}\n"
      ],
      "text/markdown": [
       "1. 'annotation_fragment'\n",
       "2. 'count_fragment'\n",
       "3. 'coverage'\n",
       "4. 'data'\n",
       "5. 'log'\n",
       "6. 'model_linear'\n",
       "7. 'source'\n",
       "\n",
       "\n"
      ],
      "text/plain": [
       "[1] \"annotation_fragment\" \"count_fragment\"      \"coverage\"           \n",
       "[4] \"data\"                \"log\"                 \"model_linear\"       \n",
       "[7] \"source\"             "
      ]
     },
     "metadata": {},
     "output_type": "display_data"
    }
   ],
   "source": [
    "dir(FD_RES)"
   ]
  },
  {
   "cell_type": "code",
   "execution_count": 3,
   "metadata": {},
   "outputs": [
    {
     "name": "stdout",
     "output_type": "stream",
     "text": [
      "fit_interactive_target_PER1.rds \n",
      "fit_marginal_target_PER1.rds \n",
      "res_interactive_chr17.rds \n",
      "res_interactive_chr17.tsv \n",
      "res_interactive_chr20.rds \n",
      "res_interactive_chr20.tsv \n",
      "res_interactive_chr21.rds \n",
      "res_interactive_chr21.tsv \n",
      "res_interactive_chr22.rds \n",
      "res_interactive_chrX.rds \n",
      "res_interactive_chrX.tsv \n",
      "res_interactive_chrY.rds \n",
      "res_interactive_target_PER1.rds \n",
      "res_marginal_chr13.rds \n",
      "res_marginal_chr14.rds \n",
      "res_marginal_chr15.rds \n",
      "res_marginal_chr17.rds \n",
      "res_marginal_chr18.rds \n",
      "res_marginal_chr20.rds \n",
      "res_marginal_chr21.rds \n",
      "res_marginal_chr4.rds \n",
      "res_marginal_chrX.rds \n",
      "res_marginal_chrY.rds \n"
     ]
    }
   ],
   "source": [
    "fdiry = file.path(FD_RES, \"model_linear\")\n",
    "for (fpath in dir(fdiry)){cat(fpath, \"\\n\")}"
   ]
  },
  {
   "cell_type": "markdown",
   "metadata": {},
   "source": [
    "* res_marginal_chr17.rds\n",
    "* res_marginal_chr20.rds \n",
    "* res_marginal_chr21.rds\n",
    "* res_marginal_chrY.rds "
   ]
  },
  {
   "cell_type": "markdown",
   "metadata": {},
   "source": [
    "## Import data"
   ]
  },
  {
   "cell_type": "code",
   "execution_count": 4,
   "metadata": {},
   "outputs": [],
   "source": [
    "fdiry = file.path(FD_RES, \"model_linear\")\n",
    "fname = \"res_marginal_chr17.rds\"\n",
    "fpath = file.path(fdiry, fname)\n",
    "lst_res_chr17 = readRDS(fpath)"
   ]
  },
  {
   "cell_type": "code",
   "execution_count": 5,
   "metadata": {},
   "outputs": [],
   "source": [
    "fdiry = file.path(FD_RES, \"model_linear\")\n",
    "fname = \"res_marginal_chr20.rds\"\n",
    "fpath = file.path(fdiry, fname)\n",
    "lst_res_chr20 = readRDS(fpath)"
   ]
  },
  {
   "cell_type": "code",
   "execution_count": 6,
   "metadata": {},
   "outputs": [],
   "source": [
    "fdiry = file.path(FD_RES, \"model_linear\")\n",
    "fname = \"res_marginal_chr21.rds\"\n",
    "fpath = file.path(fdiry, fname)\n",
    "lst_res_chr21 = readRDS(fpath)"
   ]
  },
  {
   "cell_type": "code",
   "execution_count": 7,
   "metadata": {},
   "outputs": [],
   "source": [
    "fdiry = file.path(FD_RES, \"model_linear\")\n",
    "fname = \"res_marginal_chrX.rds\"\n",
    "fpath = file.path(fdiry, fname)\n",
    "lst_res_chrX = readRDS(fpath)"
   ]
  },
  {
   "cell_type": "code",
   "execution_count": 8,
   "metadata": {},
   "outputs": [],
   "source": [
    "fun = function(motifs){\n",
    "    res = sapply(motifs, function(motif){\n",
    "        if (motif == \"NR/20\"){ return(\"red\") }\n",
    "        if (motif == \"AP1/1\"){ return(\"blue\") }\n",
    "        return(\"grey50\")\n",
    "    })\n",
    "    return(res)\n",
    "}"
   ]
  },
  {
   "cell_type": "code",
   "execution_count": 9,
   "metadata": {},
   "outputs": [],
   "source": [
    "lst_dat = list(lst_res_chr17, lst_res_chr20, lst_res_chr21, lst_res_chrX)\n",
    "lst_dat = lapply(lst_dat, function(lst_res){\n",
    "    ###\n",
    "    lst = lapply(names(lst_res), function(mtf){\n",
    "        res = lst_res[[mtf]]\n",
    "        dat = as.data.frame(coef(res))\n",
    "        dat = rownames_to_column(dat, var=\"X\")\n",
    "        dat$Motif = mtf\n",
    "        return(dat)\n",
    "    })\n",
    "    \n",
    "    ###\n",
    "    dat = bind_rows(lst)\n",
    "    dat = dat %>% dplyr::filter(str_detect(X, \"Intercept\", negate = TRUE))\n",
    "    dat$Color = fun(dat$Motif)\n",
    "    dat$X = factor(dat$X, levels=c(\"XXTFX_DMSO\", \"XXTFX_Dex\"))\n",
    "    return(dat)\n",
    "})"
   ]
  },
  {
   "cell_type": "code",
   "execution_count": 10,
   "metadata": {},
   "outputs": [],
   "source": [
    "lst_dat = lapply(lst_dat, function(dat){\n",
    "    dat$adj_pval = p.adjust(dat$`Pr(>|t|)`, method = \"BH\")\n",
    "    return(dat)\n",
    "})"
   ]
  },
  {
   "cell_type": "markdown",
   "metadata": {},
   "source": [
    "## Export"
   ]
  },
  {
   "cell_type": "code",
   "execution_count": 15,
   "metadata": {},
   "outputs": [
    {
     "data": {
      "text/html": [
       "<table class=\"dataframe\">\n",
       "<caption>A data.frame: 6 × 8</caption>\n",
       "<thead>\n",
       "\t<tr><th></th><th scope=col>X</th><th scope=col>Estimate</th><th scope=col>Std. Error</th><th scope=col>t value</th><th scope=col>Pr(&gt;|t|)</th><th scope=col>Motif</th><th scope=col>Color</th><th scope=col>adj_pval</th></tr>\n",
       "\t<tr><th></th><th scope=col>&lt;fct&gt;</th><th scope=col>&lt;dbl&gt;</th><th scope=col>&lt;dbl&gt;</th><th scope=col>&lt;dbl&gt;</th><th scope=col>&lt;dbl&gt;</th><th scope=col>&lt;chr&gt;</th><th scope=col>&lt;chr&gt;</th><th scope=col>&lt;dbl&gt;</th></tr>\n",
       "</thead>\n",
       "<tbody>\n",
       "\t<tr><th scope=row>1</th><td>XXTFX_DMSO</td><td>-1.717128e-06</td><td>1.079250e-06</td><td>-1.5910388</td><td>1.426851e-01</td><td>AIRE </td><td>grey50</td><td>1.722184e-01</td></tr>\n",
       "\t<tr><th scope=row>2</th><td>XXTFX_Dex </td><td>-1.028823e-06</td><td>1.137629e-06</td><td>-0.9043572</td><td>3.870743e-01</td><td>AIRE </td><td>grey50</td><td>4.346728e-01</td></tr>\n",
       "\t<tr><th scope=row>3</th><td>XXTFX_DMSO</td><td> 8.849993e-04</td><td>2.938058e-05</td><td>30.1219140</td><td>3.805882e-11</td><td>AP1/1</td><td>blue  </td><td>3.475560e-10</td></tr>\n",
       "\t<tr><th scope=row>4</th><td>XXTFX_Dex </td><td> 1.976401e-04</td><td>3.096985e-05</td><td> 6.3816948</td><td>8.018454e-05</td><td>AP1/1</td><td>blue  </td><td>1.874846e-04</td></tr>\n",
       "\t<tr><th scope=row>5</th><td>XXTFX_DMSO</td><td> 8.015783e-04</td><td>3.187136e-05</td><td>25.1504233</td><td>2.261634e-10</td><td>AP1/2</td><td>grey50</td><td>1.443547e-09</td></tr>\n",
       "\t<tr><th scope=row>6</th><td>XXTFX_Dex </td><td>-2.177703e-05</td><td>3.359537e-05</td><td>-0.6482152</td><td>5.314471e-01</td><td>AP1/2</td><td>grey50</td><td>5.716009e-01</td></tr>\n",
       "</tbody>\n",
       "</table>\n"
      ],
      "text/latex": [
       "A data.frame: 6 × 8\n",
       "\\begin{tabular}{r|llllllll}\n",
       "  & X & Estimate & Std. Error & t value & Pr(>\\textbar{}t\\textbar{}) & Motif & Color & adj\\_pval\\\\\n",
       "  & <fct> & <dbl> & <dbl> & <dbl> & <dbl> & <chr> & <chr> & <dbl>\\\\\n",
       "\\hline\n",
       "\t1 & XXTFX\\_DMSO & -1.717128e-06 & 1.079250e-06 & -1.5910388 & 1.426851e-01 & AIRE  & grey50 & 1.722184e-01\\\\\n",
       "\t2 & XXTFX\\_Dex  & -1.028823e-06 & 1.137629e-06 & -0.9043572 & 3.870743e-01 & AIRE  & grey50 & 4.346728e-01\\\\\n",
       "\t3 & XXTFX\\_DMSO &  8.849993e-04 & 2.938058e-05 & 30.1219140 & 3.805882e-11 & AP1/1 & blue   & 3.475560e-10\\\\\n",
       "\t4 & XXTFX\\_Dex  &  1.976401e-04 & 3.096985e-05 &  6.3816948 & 8.018454e-05 & AP1/1 & blue   & 1.874846e-04\\\\\n",
       "\t5 & XXTFX\\_DMSO &  8.015783e-04 & 3.187136e-05 & 25.1504233 & 2.261634e-10 & AP1/2 & grey50 & 1.443547e-09\\\\\n",
       "\t6 & XXTFX\\_Dex  & -2.177703e-05 & 3.359537e-05 & -0.6482152 & 5.314471e-01 & AP1/2 & grey50 & 5.716009e-01\\\\\n",
       "\\end{tabular}\n"
      ],
      "text/markdown": [
       "\n",
       "A data.frame: 6 × 8\n",
       "\n",
       "| <!--/--> | X &lt;fct&gt; | Estimate &lt;dbl&gt; | Std. Error &lt;dbl&gt; | t value &lt;dbl&gt; | Pr(&gt;|t|) &lt;dbl&gt; | Motif &lt;chr&gt; | Color &lt;chr&gt; | adj_pval &lt;dbl&gt; |\n",
       "|---|---|---|---|---|---|---|---|---|\n",
       "| 1 | XXTFX_DMSO | -1.717128e-06 | 1.079250e-06 | -1.5910388 | 1.426851e-01 | AIRE  | grey50 | 1.722184e-01 |\n",
       "| 2 | XXTFX_Dex  | -1.028823e-06 | 1.137629e-06 | -0.9043572 | 3.870743e-01 | AIRE  | grey50 | 4.346728e-01 |\n",
       "| 3 | XXTFX_DMSO |  8.849993e-04 | 2.938058e-05 | 30.1219140 | 3.805882e-11 | AP1/1 | blue   | 3.475560e-10 |\n",
       "| 4 | XXTFX_Dex  |  1.976401e-04 | 3.096985e-05 |  6.3816948 | 8.018454e-05 | AP1/1 | blue   | 1.874846e-04 |\n",
       "| 5 | XXTFX_DMSO |  8.015783e-04 | 3.187136e-05 | 25.1504233 | 2.261634e-10 | AP1/2 | grey50 | 1.443547e-09 |\n",
       "| 6 | XXTFX_Dex  | -2.177703e-05 | 3.359537e-05 | -0.6482152 | 5.314471e-01 | AP1/2 | grey50 | 5.716009e-01 |\n",
       "\n"
      ],
      "text/plain": [
       "  X          Estimate      Std. Error   t value    Pr(>|t|)     Motif Color \n",
       "1 XXTFX_DMSO -1.717128e-06 1.079250e-06 -1.5910388 1.426851e-01 AIRE  grey50\n",
       "2 XXTFX_Dex  -1.028823e-06 1.137629e-06 -0.9043572 3.870743e-01 AIRE  grey50\n",
       "3 XXTFX_DMSO  8.849993e-04 2.938058e-05 30.1219140 3.805882e-11 AP1/1 blue  \n",
       "4 XXTFX_Dex   1.976401e-04 3.096985e-05  6.3816948 8.018454e-05 AP1/1 blue  \n",
       "5 XXTFX_DMSO  8.015783e-04 3.187136e-05 25.1504233 2.261634e-10 AP1/2 grey50\n",
       "6 XXTFX_Dex  -2.177703e-05 3.359537e-05 -0.6482152 5.314471e-01 AP1/2 grey50\n",
       "  adj_pval    \n",
       "1 1.722184e-01\n",
       "2 4.346728e-01\n",
       "3 3.475560e-10\n",
       "4 1.874846e-04\n",
       "5 1.443547e-09\n",
       "6 5.716009e-01"
      ]
     },
     "metadata": {},
     "output_type": "display_data"
    }
   ],
   "source": [
    "head(lst_dat[[1]])"
   ]
  },
  {
   "cell_type": "code",
   "execution_count": 19,
   "metadata": {},
   "outputs": [
    {
     "data": {
      "text/html": [
       "<table class=\"dataframe\">\n",
       "<caption>A data.frame: 6 × 7</caption>\n",
       "<thead>\n",
       "\t<tr><th></th><th scope=col>Motif</th><th scope=col>Sample</th><th scope=col>Estimate</th><th scope=col>Std. Error</th><th scope=col>t value</th><th scope=col>Raw_pvalue</th><th scope=col>Adjusted_pvalue</th></tr>\n",
       "\t<tr><th></th><th scope=col>&lt;chr&gt;</th><th scope=col>&lt;fct&gt;</th><th scope=col>&lt;dbl&gt;</th><th scope=col>&lt;dbl&gt;</th><th scope=col>&lt;dbl&gt;</th><th scope=col>&lt;dbl&gt;</th><th scope=col>&lt;dbl&gt;</th></tr>\n",
       "</thead>\n",
       "<tbody>\n",
       "\t<tr><th scope=row>1</th><td>AIRE </td><td>XXTFX_DMSO</td><td>-1.717128e-06</td><td>1.079250e-06</td><td>-1.5910388</td><td>1.426851e-01</td><td>1.722184e-01</td></tr>\n",
       "\t<tr><th scope=row>2</th><td>AIRE </td><td>XXTFX_Dex </td><td>-1.028823e-06</td><td>1.137629e-06</td><td>-0.9043572</td><td>3.870743e-01</td><td>4.346728e-01</td></tr>\n",
       "\t<tr><th scope=row>3</th><td>AP1/1</td><td>XXTFX_DMSO</td><td> 8.849993e-04</td><td>2.938058e-05</td><td>30.1219140</td><td>3.805882e-11</td><td>3.475560e-10</td></tr>\n",
       "\t<tr><th scope=row>4</th><td>AP1/1</td><td>XXTFX_Dex </td><td> 1.976401e-04</td><td>3.096985e-05</td><td> 6.3816948</td><td>8.018454e-05</td><td>1.874846e-04</td></tr>\n",
       "\t<tr><th scope=row>5</th><td>AP1/2</td><td>XXTFX_DMSO</td><td> 8.015783e-04</td><td>3.187136e-05</td><td>25.1504233</td><td>2.261634e-10</td><td>1.443547e-09</td></tr>\n",
       "\t<tr><th scope=row>6</th><td>AP1/2</td><td>XXTFX_Dex </td><td>-2.177703e-05</td><td>3.359537e-05</td><td>-0.6482152</td><td>5.314471e-01</td><td>5.716009e-01</td></tr>\n",
       "</tbody>\n",
       "</table>\n"
      ],
      "text/latex": [
       "A data.frame: 6 × 7\n",
       "\\begin{tabular}{r|lllllll}\n",
       "  & Motif & Sample & Estimate & Std. Error & t value & Raw\\_pvalue & Adjusted\\_pvalue\\\\\n",
       "  & <chr> & <fct> & <dbl> & <dbl> & <dbl> & <dbl> & <dbl>\\\\\n",
       "\\hline\n",
       "\t1 & AIRE  & XXTFX\\_DMSO & -1.717128e-06 & 1.079250e-06 & -1.5910388 & 1.426851e-01 & 1.722184e-01\\\\\n",
       "\t2 & AIRE  & XXTFX\\_Dex  & -1.028823e-06 & 1.137629e-06 & -0.9043572 & 3.870743e-01 & 4.346728e-01\\\\\n",
       "\t3 & AP1/1 & XXTFX\\_DMSO &  8.849993e-04 & 2.938058e-05 & 30.1219140 & 3.805882e-11 & 3.475560e-10\\\\\n",
       "\t4 & AP1/1 & XXTFX\\_Dex  &  1.976401e-04 & 3.096985e-05 &  6.3816948 & 8.018454e-05 & 1.874846e-04\\\\\n",
       "\t5 & AP1/2 & XXTFX\\_DMSO &  8.015783e-04 & 3.187136e-05 & 25.1504233 & 2.261634e-10 & 1.443547e-09\\\\\n",
       "\t6 & AP1/2 & XXTFX\\_Dex  & -2.177703e-05 & 3.359537e-05 & -0.6482152 & 5.314471e-01 & 5.716009e-01\\\\\n",
       "\\end{tabular}\n"
      ],
      "text/markdown": [
       "\n",
       "A data.frame: 6 × 7\n",
       "\n",
       "| <!--/--> | Motif &lt;chr&gt; | Sample &lt;fct&gt; | Estimate &lt;dbl&gt; | Std. Error &lt;dbl&gt; | t value &lt;dbl&gt; | Raw_pvalue &lt;dbl&gt; | Adjusted_pvalue &lt;dbl&gt; |\n",
       "|---|---|---|---|---|---|---|---|\n",
       "| 1 | AIRE  | XXTFX_DMSO | -1.717128e-06 | 1.079250e-06 | -1.5910388 | 1.426851e-01 | 1.722184e-01 |\n",
       "| 2 | AIRE  | XXTFX_Dex  | -1.028823e-06 | 1.137629e-06 | -0.9043572 | 3.870743e-01 | 4.346728e-01 |\n",
       "| 3 | AP1/1 | XXTFX_DMSO |  8.849993e-04 | 2.938058e-05 | 30.1219140 | 3.805882e-11 | 3.475560e-10 |\n",
       "| 4 | AP1/1 | XXTFX_Dex  |  1.976401e-04 | 3.096985e-05 |  6.3816948 | 8.018454e-05 | 1.874846e-04 |\n",
       "| 5 | AP1/2 | XXTFX_DMSO |  8.015783e-04 | 3.187136e-05 | 25.1504233 | 2.261634e-10 | 1.443547e-09 |\n",
       "| 6 | AP1/2 | XXTFX_Dex  | -2.177703e-05 | 3.359537e-05 | -0.6482152 | 5.314471e-01 | 5.716009e-01 |\n",
       "\n"
      ],
      "text/plain": [
       "  Motif Sample     Estimate      Std. Error   t value    Raw_pvalue  \n",
       "1 AIRE  XXTFX_DMSO -1.717128e-06 1.079250e-06 -1.5910388 1.426851e-01\n",
       "2 AIRE  XXTFX_Dex  -1.028823e-06 1.137629e-06 -0.9043572 3.870743e-01\n",
       "3 AP1/1 XXTFX_DMSO  8.849993e-04 2.938058e-05 30.1219140 3.805882e-11\n",
       "4 AP1/1 XXTFX_Dex   1.976401e-04 3.096985e-05  6.3816948 8.018454e-05\n",
       "5 AP1/2 XXTFX_DMSO  8.015783e-04 3.187136e-05 25.1504233 2.261634e-10\n",
       "6 AP1/2 XXTFX_Dex  -2.177703e-05 3.359537e-05 -0.6482152 5.314471e-01\n",
       "  Adjusted_pvalue\n",
       "1 1.722184e-01   \n",
       "2 4.346728e-01   \n",
       "3 3.475560e-10   \n",
       "4 1.874846e-04   \n",
       "5 1.443547e-09   \n",
       "6 5.716009e-01   "
      ]
     },
     "metadata": {},
     "output_type": "display_data"
    }
   ],
   "source": [
    "lst = lst_dat\n",
    "lst = lapply(lst, function(dat){\n",
    "    dat = dat %>% \n",
    "        dplyr::select(Motif, X, Estimate, `Std. Error`, `t value`, `Pr(>|t|)`, adj_pval) %>%\n",
    "        dplyr::rename(Sample          = X) %>%    \n",
    "        dplyr::rename(Raw_pvalue      = `Pr(>|t|)`) %>%\n",
    "        dplyr::rename(Adjusted_pvalue = adj_pval) %>%\n",
    "        na.omit\n",
    "    return(dat)\n",
    "})\n",
    "head(lst[[1]])"
   ]
  },
  {
   "cell_type": "code",
   "execution_count": 20,
   "metadata": {},
   "outputs": [],
   "source": [
    "fdiry = file.path(FD_RES, \"model_linear\")\n",
    "fname = \"res_marginal_chr17.tsv\"\n",
    "fpath = file.path(fdiry, fname)\n",
    "\n",
    "dat = lst[[1]]\n",
    "write_tsv(dat, fpath)"
   ]
  },
  {
   "cell_type": "code",
   "execution_count": 21,
   "metadata": {},
   "outputs": [],
   "source": [
    "fdiry = file.path(FD_RES, \"model_linear\")\n",
    "fname = \"res_marginal_chr20.tsv\"\n",
    "fpath = file.path(fdiry, fname)\n",
    "\n",
    "dat = lst[[2]]\n",
    "write_tsv(dat, fpath)"
   ]
  },
  {
   "cell_type": "code",
   "execution_count": 22,
   "metadata": {},
   "outputs": [],
   "source": [
    "fdiry = file.path(FD_RES, \"model_linear\")\n",
    "fname = \"res_marginal_chr21.tsv\"\n",
    "fpath = file.path(fdiry, fname)\n",
    "\n",
    "dat = lst[[3]]\n",
    "write_tsv(dat, fpath)"
   ]
  },
  {
   "cell_type": "code",
   "execution_count": 23,
   "metadata": {},
   "outputs": [],
   "source": [
    "fdiry = file.path(FD_RES, \"model_linear\")\n",
    "fname = \"res_marginal_chrX.tsv\"\n",
    "fpath = file.path(fdiry, fname)\n",
    "\n",
    "dat = lst[[4]]\n",
    "write_tsv(dat, fpath)"
   ]
  },
  {
   "cell_type": "markdown",
   "metadata": {},
   "source": [
    "## Visualization"
   ]
  },
  {
   "cell_type": "code",
   "execution_count": 11,
   "metadata": {},
   "outputs": [],
   "source": [
    "lst_gpt = lapply(lst_dat, function(dat){\n",
    "    gpt = ggplot(dat, aes(x=Estimate, y=-log10(adj_pval))) + \n",
    "        geom_point(size=0.7, color=dat$Color) + \n",
    "        geom_hline(yintercept = 2, color=\"red\", alpha=0.5) +\n",
    "        labs(x=\"Estimate\", y=\"-log10(adj. p-value (BH))\") +\n",
    "        theme_bw() + \n",
    "        facet_wrap(~X)\n",
    "    return(gpt)\n",
    "})\n",
    "lst_gpt[[1]] = lst_gpt[[1]] + ggtitle(\"Chr17\")\n",
    "lst_gpt[[2]] = lst_gpt[[2]] + ggtitle(\"Chr20\")\n",
    "lst_gpt[[3]] = lst_gpt[[3]] + ggtitle(\"Chr21\")\n",
    "lst_gpt[[4]] = lst_gpt[[4]] + ggtitle(\"ChrX\")"
   ]
  },
  {
   "cell_type": "code",
   "execution_count": 12,
   "metadata": {},
   "outputs": [
    {
     "data": {
      "text/html": [
       "<table class=\"dataframe\">\n",
       "<caption>A data.frame: 6 × 8</caption>\n",
       "<thead>\n",
       "\t<tr><th></th><th scope=col>X</th><th scope=col>Estimate</th><th scope=col>Std. Error</th><th scope=col>t value</th><th scope=col>Pr(&gt;|t|)</th><th scope=col>Motif</th><th scope=col>Color</th><th scope=col>adj_pval</th></tr>\n",
       "\t<tr><th></th><th scope=col>&lt;fct&gt;</th><th scope=col>&lt;dbl&gt;</th><th scope=col>&lt;dbl&gt;</th><th scope=col>&lt;dbl&gt;</th><th scope=col>&lt;dbl&gt;</th><th scope=col>&lt;chr&gt;</th><th scope=col>&lt;chr&gt;</th><th scope=col>&lt;dbl&gt;</th></tr>\n",
       "</thead>\n",
       "<tbody>\n",
       "\t<tr><th scope=row>1</th><td>XXTFX_DMSO</td><td>-1.717128e-06</td><td>1.079250e-06</td><td>-1.5910388</td><td>1.426851e-01</td><td>AIRE </td><td>grey50</td><td>1.722184e-01</td></tr>\n",
       "\t<tr><th scope=row>2</th><td>XXTFX_Dex </td><td>-1.028823e-06</td><td>1.137629e-06</td><td>-0.9043572</td><td>3.870743e-01</td><td>AIRE </td><td>grey50</td><td>4.346728e-01</td></tr>\n",
       "\t<tr><th scope=row>3</th><td>XXTFX_DMSO</td><td> 8.849993e-04</td><td>2.938058e-05</td><td>30.1219140</td><td>3.805882e-11</td><td>AP1/1</td><td>blue  </td><td>3.475560e-10</td></tr>\n",
       "\t<tr><th scope=row>4</th><td>XXTFX_Dex </td><td> 1.976401e-04</td><td>3.096985e-05</td><td> 6.3816948</td><td>8.018454e-05</td><td>AP1/1</td><td>blue  </td><td>1.874846e-04</td></tr>\n",
       "\t<tr><th scope=row>5</th><td>XXTFX_DMSO</td><td> 8.015783e-04</td><td>3.187136e-05</td><td>25.1504233</td><td>2.261634e-10</td><td>AP1/2</td><td>grey50</td><td>1.443547e-09</td></tr>\n",
       "\t<tr><th scope=row>6</th><td>XXTFX_Dex </td><td>-2.177703e-05</td><td>3.359537e-05</td><td>-0.6482152</td><td>5.314471e-01</td><td>AP1/2</td><td>grey50</td><td>5.716009e-01</td></tr>\n",
       "</tbody>\n",
       "</table>\n"
      ],
      "text/latex": [
       "A data.frame: 6 × 8\n",
       "\\begin{tabular}{r|llllllll}\n",
       "  & X & Estimate & Std. Error & t value & Pr(>\\textbar{}t\\textbar{}) & Motif & Color & adj\\_pval\\\\\n",
       "  & <fct> & <dbl> & <dbl> & <dbl> & <dbl> & <chr> & <chr> & <dbl>\\\\\n",
       "\\hline\n",
       "\t1 & XXTFX\\_DMSO & -1.717128e-06 & 1.079250e-06 & -1.5910388 & 1.426851e-01 & AIRE  & grey50 & 1.722184e-01\\\\\n",
       "\t2 & XXTFX\\_Dex  & -1.028823e-06 & 1.137629e-06 & -0.9043572 & 3.870743e-01 & AIRE  & grey50 & 4.346728e-01\\\\\n",
       "\t3 & XXTFX\\_DMSO &  8.849993e-04 & 2.938058e-05 & 30.1219140 & 3.805882e-11 & AP1/1 & blue   & 3.475560e-10\\\\\n",
       "\t4 & XXTFX\\_Dex  &  1.976401e-04 & 3.096985e-05 &  6.3816948 & 8.018454e-05 & AP1/1 & blue   & 1.874846e-04\\\\\n",
       "\t5 & XXTFX\\_DMSO &  8.015783e-04 & 3.187136e-05 & 25.1504233 & 2.261634e-10 & AP1/2 & grey50 & 1.443547e-09\\\\\n",
       "\t6 & XXTFX\\_Dex  & -2.177703e-05 & 3.359537e-05 & -0.6482152 & 5.314471e-01 & AP1/2 & grey50 & 5.716009e-01\\\\\n",
       "\\end{tabular}\n"
      ],
      "text/markdown": [
       "\n",
       "A data.frame: 6 × 8\n",
       "\n",
       "| <!--/--> | X &lt;fct&gt; | Estimate &lt;dbl&gt; | Std. Error &lt;dbl&gt; | t value &lt;dbl&gt; | Pr(&gt;|t|) &lt;dbl&gt; | Motif &lt;chr&gt; | Color &lt;chr&gt; | adj_pval &lt;dbl&gt; |\n",
       "|---|---|---|---|---|---|---|---|---|\n",
       "| 1 | XXTFX_DMSO | -1.717128e-06 | 1.079250e-06 | -1.5910388 | 1.426851e-01 | AIRE  | grey50 | 1.722184e-01 |\n",
       "| 2 | XXTFX_Dex  | -1.028823e-06 | 1.137629e-06 | -0.9043572 | 3.870743e-01 | AIRE  | grey50 | 4.346728e-01 |\n",
       "| 3 | XXTFX_DMSO |  8.849993e-04 | 2.938058e-05 | 30.1219140 | 3.805882e-11 | AP1/1 | blue   | 3.475560e-10 |\n",
       "| 4 | XXTFX_Dex  |  1.976401e-04 | 3.096985e-05 |  6.3816948 | 8.018454e-05 | AP1/1 | blue   | 1.874846e-04 |\n",
       "| 5 | XXTFX_DMSO |  8.015783e-04 | 3.187136e-05 | 25.1504233 | 2.261634e-10 | AP1/2 | grey50 | 1.443547e-09 |\n",
       "| 6 | XXTFX_Dex  | -2.177703e-05 | 3.359537e-05 | -0.6482152 | 5.314471e-01 | AP1/2 | grey50 | 5.716009e-01 |\n",
       "\n"
      ],
      "text/plain": [
       "  X          Estimate      Std. Error   t value    Pr(>|t|)     Motif Color \n",
       "1 XXTFX_DMSO -1.717128e-06 1.079250e-06 -1.5910388 1.426851e-01 AIRE  grey50\n",
       "2 XXTFX_Dex  -1.028823e-06 1.137629e-06 -0.9043572 3.870743e-01 AIRE  grey50\n",
       "3 XXTFX_DMSO  8.849993e-04 2.938058e-05 30.1219140 3.805882e-11 AP1/1 blue  \n",
       "4 XXTFX_Dex   1.976401e-04 3.096985e-05  6.3816948 8.018454e-05 AP1/1 blue  \n",
       "5 XXTFX_DMSO  8.015783e-04 3.187136e-05 25.1504233 2.261634e-10 AP1/2 grey50\n",
       "6 XXTFX_Dex  -2.177703e-05 3.359537e-05 -0.6482152 5.314471e-01 AP1/2 grey50\n",
       "  adj_pval    \n",
       "1 1.722184e-01\n",
       "2 4.346728e-01\n",
       "3 3.475560e-10\n",
       "4 1.874846e-04\n",
       "5 1.443547e-09\n",
       "6 5.716009e-01"
      ]
     },
     "metadata": {},
     "output_type": "display_data"
    }
   ],
   "source": [
    "dat = lst_dat[[1]]\n",
    "head(dat)"
   ]
  },
  {
   "cell_type": "code",
   "execution_count": 14,
   "metadata": {},
   "outputs": [
    {
     "data": {
